stream --fast --no-checks
varying number of locales (nl) and tasks per locale (tpl)

  nl   tpl   trial 1   trial 2   trial 3
   1     1      4.05      4.13      4.05
   1     2      5.78      5.94      5.79
   1     3      6.05      6.13      6.04
   1     4      5.91      5.94      5.96
   1     5      5.96      5.87      6.03
   1     6      6.06      6.08      6.05

   2     1      7.78      7.97      7.77
   2     2     11.31     11.56     11.28
   2     3     11.93     12.04     11.94
   2     4     10.53     10.73     10.54
   2     5     10.95     11.47     10.93
   2     6     11.88     12.06     11.85

   4     1     15.80     15.57     15.56
   4     2     23.08     22.59     22.59
   4     3     24.20     23.89     23.88
   4     4     21.30     21.11     21.24
   4     5     22.92     23.30     21.94
   4     6     23.27     23.67     23.62

   8     1     31.73     31.09     31.07
   8     2     45.98     44.78     44.79
   8     3     47.75     47.38     47.38
   8     4     45.63     44.38     46.16
   8     5     42.56     45.86     43.41
   8     6     45.13     46.20     46.36

  16     1     64.17     64.92     63.75
  16     2     90.74     93.10     90.33
  16     3     95.15     95.20     94.31
  16     4     85.45     86.61     92.54
  16     5     84.91     84.97     86.16
  16     6     89.58     89.12     90.57

  32     1    126.36    129.89    127.48
  32     2    182.45    166.03    178.24
  32     3    185.93    184.87    183.86
  32     4    165.76    165.72    164.13
  32     5    162.59    163.43    167.05
  32     6    172.24    166.55    173.42

  64     1    255.82    254.56    256.54
  64     2    353.59    352.93    354.75
  64     3    355.28    353.82    353.32
  64     4    312.91    314.42    313.38
  64     5    307.03    306.79    305.94
  64     6    314.89    315.80    314.15

 128     1    453.20    487.23
 128     2    644.20    657.22
 128     3    640.19    651.50
 128     4    557.68    564.76
 128     5    550.26    542.09
 128     6    542.41    551.26

 256     1    897.82    896.15
 256     2   1178.20   1173.57
 256     3   1102.23   1107.31
 256     4    944.07    942.87
 256     5    879.01    878.29
 256     6    857.16    853.54

 512     1   1705.35   1706.48
 512     2   1942.72   1937.21
 512     3   1744.06   1730.15
 512     4   1444.53   1452.25
 512     5   time up   1307.10
 512     6             1219.58

1024     1   2850.88  *** FATAL ERROR: Invalid event PTL_EVENT_SEND_END on ReqRB
                      *** Caught a fatal signal: SIGABRT(6) on node 0/1024
1024     2   2793.95   2873.53
1024     3   time up   2398.16
1024     4             1929.54
1024     5             time up
1024     6

